꠭ﭙ>> A = [5 4 -3; 7 -6 4; 9 1 3]
A =

   5   4  -3
   7  -6   4
   9   1   3

>>
